Frame N BAPnP_Time EPnP_Time SQPnP_Time CPnP_Time BAPnP_R EPnP_R SQPnP_R CPnP_R BAPnP_t EPnP_t SQPnP_t CPnP_t
1 306 0.09993 1.46332 0.079648 0.911365 4.40321 4.40511 3.79173 24.5663 0.0660367 0.0660499 0.103728 2.88369
2 328 0.06645 1.15318 0.101626 0.308978 1.86797 1.86792 1.80629 1.86405 0.0698812 0.0698809 0.0699692 0.0698876
3 336 0.095244 1.4668 0.068851 0.299913 2.06525 2.06652 4.05592 2.27832 0.0345086 0.0345168 0.0957746 0.175905
4 401 0.095148 1.67673 0.068708 0.362598 0.718631 0.718924 1.76589 0.723082 0.0204863 0.0205018 0.0460832 0.0202456
5 546 0.105699 3.94104 0.107631 0.806486 0.553481 0.553922 0.768918 0.490826 0.0162741 0.01627 0.0103697 0.00786157
6 395 0.159595 2.23483 0.095704 0.44764 1.33681 1.33646 2.01325 1.45884 0.0453618 0.0453736 0.0468973 0.0965646
7 333 0.114114 1.54879 0.076176 0.35205 1.34226 1.34206 2.1974 1.32621 0.0508975 0.0508897 0.054331 0.0501254
8 451 0.177063 1.92352 0.086826 0.533374 1.94706 1.94729 2.02336 1.94638 0.0690378 0.0690389 0.0690411 0.0690169
9 361 0.140687 1.88923 0.069925 0.518119 2.71391 2.71571 2.95736 2.66167 0.0480693 0.0480664 0.0582734 0.152738
10 355 0.135378 1.76946 0.147031 0.451472 1.53172 1.53129 1.84073 1.5451 0.0587037 0.05871 0.0499095 0.0586618
11 492 0.136877 2.47803 0.076994 0.586494 1.59002 1.59009 1.5981 1.5907 0.0632429 0.063247 0.0634918 0.0632033
12 426 0.165673 2.2713 0.101809 0.561848 2.06546 2.06662 2.95631 1.49801 0.0517416 0.0517281 0.0671805 0.0907921
13 401 0.12497 1.67491 0.103535 0.467428 1.29064 1.29071 2.3437 1.31523 0.0548926 0.054896 0.0523898 0.053915
14 366 0.133316 1.43294 0.070415 0.461808 1.21971 1.2203 1.20221 1.21579 0.0530995 0.0530996 0.0510812 0.0528731
15 186 0.054433 0.562657 0.05487 0.141418 2.90604 2.90504 2.85711 2.92063 0.0512395 0.0512414 0.0718061 0.039204
16 329 0.079746 1.47286 0.088153 0.352375 2.07487 2.07566 3.37966 2.11718 0.0584992 0.0584984 0.0857534 0.0545929
17 253 0.057254 0.642088 0.056255 0.246512 1.5562 1.55512 1.29472 1.51813 0.0426132 0.0426229 0.0398841 0.0403423
18 402 0.115333 1.51783 0.068147 0.334514 1.53384 1.53392 1.39477 1.51443 0.0302192 0.0302244 0.0362274 0.0292863
19 448 0.123364 1.67129 0.071838 0.394474 0.59177 0.591936 0.576182 0.395369 0.0236011 0.0236124 0.0303278 0.0260037
20 429 0.120584 2.39552 0.088387 0.47674 1.45527 1.45526 1.06506 1.45351 0.0415741 0.041571 0.0385109 0.0408459
21 422 0.121824 1.61464 0.067695 0.345393 1.49458 1.4946 1.48238 1.49707 0.0344296 0.0344289 0.0347793 0.0345139
22 379 0.090466 1.338 0.065618 0.321834 1.81504 1.81533 1.4838 1.79894 0.0361902 0.0361972 0.0335554 0.0354651
23 457 0.089531 1.73899 0.071956 0.393816 1.8854 1.88555 2.20628 1.92886 0.0344954 0.0344968 0.0448556 0.0370273
24 467 0.092203 2.42938 0.178682 0.808598 2.3362 2.33628 3.05372 0.478085 0.0406593 0.0406555 0.0595725 0.3701
25 342 0.252565 1.767 0.166336 0.339341 2.43151 2.43116 3.03035 2.62789 0.0518848 0.0518828 0.0644045 0.0815364
26 345 0.147642 1.96567 0.070107 0.397293 20.8839 2.30446 1.66602 1.91756 0.966447 0.0243466 0.00495034 0.0336656
27 357 0.088695 1.82729 0.069378 0.549921 1.05602 1.05623 1.43328 0.823398 0.0291597 0.0291514 0.0101811 0.0365735
28 386 0.115302 2.01438 0.078691 0.571546 1.50544 1.50553 1.53161 1.46803 0.0257915 0.0257928 0.0213644 0.0232577
29 313 0.072352 1.07703 0.082701 0.312559 1.35008 1.34995 1.36513 1.33283 0.0400945 0.0400958 0.0353844 0.0386515
30 274 0.070565 1.59783 0.105623 0.4052 2.17559 2.17572 1.66898 2.17621 0.0524684 0.052482 0.0129293 0.0527135
31 334 0.099997 1.38496 0.09997 0.442788 1.42781 1.42809 1.36383 1.43276 0.0454971 0.0454987 0.0422553 0.0454384
32 221 0.066244 0.721699 0.06489 0.22482 1.26721 1.26786 1.63724 1.33215 0.0538041 0.0538151 0.0559563 0.0480877
33 218 0.046125 0.446525 0.048984 0.186469 2.4542 2.45421 2.6107 2.44508 0.0586571 0.058657 0.0677059 0.0589251
34 228 0.056752 0.664093 0.05966 0.18858 2.05589 2.05448 2.46295 1.99955 0.0942076 0.0942059 0.103218 0.0956261
35 213 0.075071 0.615986 0.066399 0.220745 1.51347 1.51379 2.09354 0.503663 0.0451191 0.0451346 0.0612152 0.0883862
36 239 0.059431 0.574772 0.05269 0.193913 2.2321 2.23183 2.55437 2.30729 0.0479623 0.0479622 0.0522252 0.0524012
37 274 0.06693 1.0561 0.059277 0.267979 2.02829 2.02789 2.13448 1.99525 0.0572 0.0571882 0.0613741 0.057325
38 241 0.050329 0.599044 0.050653 0.190063 1.77501 1.77513 1.82182 1.7739 0.037081 0.0370827 0.0362235 0.0371257
39 221 0.055258 0.472362 0.062999 0.175099 2.41925 2.4194 2.62635 2.40521 0.0412313 0.0412306 0.0518575 0.0377025
40 225 0.047733 0.506501 0.049033 0.178454 2.94208 2.94214 2.90401 2.94334 0.070361 0.0703576 0.065884 0.070577
41 165 0.067085 0.582862 0.067157 0.140837 3.67919 3.68014 2.53854 3.73254 0.0613746 0.0613722 0.0471015 0.084762
42 257 0.112254 1.23728 0.071771 0.305446 2.04373 2.04378 2.2668 2.2005 0.0642972 0.0642982 0.0604118 0.0631637
43 139 0.078223 0.591748 0.201316 0.149216 7.13786 7.13845 8.97944 nan 0.109394 0.1094 0.223639 -nan
44 191 0.070283 0.719963 0.104898 0.189951 2.69994 2.69999 3.02522 2.59411 0.0421242 0.0421376 0.0417536 0.0396454
45 383 0.126352 2.6614 0.125511 0.479278 2.9959 2.99632 3.76362 2.03693 0.0485627 0.048566 0.0640766 0.282424
46 210 0.091783 0.699325 0.132763 0.275646 5.52588 5.52668 6.4683 7.68782 0.10794 0.107949 0.123313 1.01432
47 327 0.092772 1.60264 0.083413 0.464189 2.20931 2.20966 2.3578 2.20221 0.0166887 0.016676 0.025442 0.0221001
48 399 0.09873 1.65491 0.073154 23.7678 2.0544 2.05436 1.77925 2.05147 0.0359572 0.0359513 0.0250086 0.0350376
49 393 0.11967 2.07792 0.092091 0.446209 2.71859 2.71773 3.14709 2.73709 0.0709748 0.0709588 0.0579934 0.0708344
50 265 0.096773 1.42202 0.08781 0.419751 2.18023 2.18073 2.2061 2.19609 0.0335477 0.0335366 0.0199853 0.0343585
51 550 0.141625 3.04799 0.118831 0.591829 1.14646 1.14623 2.03207 1.03586 0.0366139 0.0366141 0.033695 0.0317724
52 501 0.131017 2.29384 0.118861 0.588889 1.56437 1.56447 1.69634 1.55643 0.0409809 0.0409831 0.0356024 0.0404916
53 473 0.12113 2.31207 0.08517 0.55584 1.60604 1.60604 1.58193 1.61464 0.0432064 0.0432074 0.0419302 0.0433834
54 382 0.137477 2.35453 0.240016 0.516021 4.01648 4.01617 3.2094 6.82018 0.0949415 0.0949493 0.052952 0.268096
55 398 0.129719 1.59691 0.189145 0.409698 1.88864 1.88783 2.67261 2.00348 0.0677798 0.0677759 0.0613637 0.0624716
56 459 0.145291 1.6181 0.087682 0.428324 2.66798 2.66817 2.77882 2.6673 0.0543792 0.0543766 0.0562081 0.0544469
57 352 0.115235 1.30597 0.074082 0.297082 2.68717 2.68722 2.5579 2.71587 0.0634741 0.0634733 0.0619311 0.0636882
58 333 0.107903 1.45587 0.094479 0.371958 2.09776 2.09784 2.13405 2.24797 0.0518619 0.0518697 0.0499526 0.0565888
59 372 0.165096 2.13064 0.085621 0.260897 1.53118 1.52879 4.55807 2.50934 0.0307637 0.0307609 0.0707976 0.0404066
60 680 0.134591 2.47375 0.097954 0.396158 1.48122 1.48099 1.52111 1.64153 0.0158823 0.015879 0.0181887 0.0217285
61 509 0.100739 1.18165 0.074998 0.303784 1.39069 1.3896 1.80947 1.39245 0.0196527 0.0196452 0.0252385 0.0195936
62 608 0.145861 1.66145 0.08872 0.426748 1.38087 1.3809 0.850323 1.39323 0.0197126 0.0197134 0.0148369 0.0195753
63 660 0.129476 2.03305 0.170483 0.512244 0.691234 0.691109 0.669145 0.788147 0.018275 0.0182775 0.0186112 0.0179144
64 619 0.174787 2.01029 0.122592 0.423764 1.21182 1.2118 0.952022 1.21021 0.0228821 0.022884 0.0221014 0.0225939
65 624 0.125503 2.54455 0.210745 0.76064 0.926027 0.925899 1.05769 0.924748 0.0167182 0.0167185 0.0127252 0.0160616
66 603 0.192046 1.81576 0.091322 0.414563 1.39258 1.39317 1.17914 1.38461 0.0203111 0.0203209 0.0136719 0.0201581
67 719 0.162788 2.07445 0.104339 0.477762 0.277897 0.277845 0.388483 0.27548 0.018507 0.0185035 0.0171763 0.0182558
68 697 0.184207 2.5111 0.101167 0.829479 0.484774 0.484746 0.423604 0.484716 0.0139494 0.0139483 0.0129845 0.0139481
69 781 0.195751 2.57248 0.137119 0.518722 1.18208 1.18184 1.01884 1.1828 0.0254777 0.0254747 0.0233587 0.0255066
70 757 0.239295 2.90462 0.123815 0.609315 1.85994 1.85826 1.43627 1.85267 0.0447835 0.0447616 0.0343649 0.0357657
71 724 0.151513 3.07997 0.13277 0.761453 0.754563 0.754524 0.535302 0.747307 0.0189207 0.0189155 0.0153144 0.0182149
72 721 0.201227 3.00179 0.169197 0.681589 0.983972 0.984281 1.80466 0.981811 0.00534513 0.00533868 0.0213856 0.00777072
73 773 0.336256 2.92065 0.109717 0.577019 0.73357 0.733625 0.389188 0.732263 0.0257464 0.0257532 0.0107603 0.0261927
74 523 0.148518 2.26079 0.089536 0.512796 18.6003 2.52728 1.37101 2.78064 0.676404 0.0949642 0.0380836 0.078714
75 558 0.128043 1.6781 0.086168 0.399747 1.81816 1.81831 1.87403 1.82762 0.0226796 0.0226727 0.0202106 0.0228039
76 545 0.178854 1.80361 0.110456 0.428463 2.59129 2.59129 1.79044 2.62889 0.0557029 0.0557177 0.0265577 0.0569156
77 350 0.154132 1.03483 0.070257 0.256257 2.39957 2.39921 2.20998 2.4024 0.0475557 0.0475471 0.0256421 0.0466213
78 436 0.155634 1.40647 0.124009 0.639474 1.44543 1.44556 1.36684 1.44223 0.0119743 0.01198 0.0191687 0.011139
79 576 0.179574 1.86473 0.101461 0.588289 1.89784 1.89803 1.82731 1.90068 0.0231948 0.0231935 0.022618 0.0229356
80 633 0.181172 1.79612 0.092751 0.412505 1.16709 1.16653 0.891593 1.14732 0.0197081 0.0197069 0.0350393 0.0222245
81 719 0.197458 2.71247 0.131469 0.442299 17.9923 2.52615 1.00441 2.79702 0.963423 0.0554066 0.025415 0.0554532
82 490 0.17531 1.54506 0.085276 0.308183 2.26275 2.26329 1.34197 2.25721 0.0427149 0.0427392 0.0915617 0.0426833
83 490 0.137657 1.25585 0.091176 0.307494 1.13093 1.1311 3.17868 3.63073 0.0556927 0.0556827 0.108358 0.336904
84 405 0.113639 1.29513 0.070015 0.240286 1.70709 1.70663 0.616236 1.51548 0.0212271 0.0212271 0.0438002 0.0181726
85 431 0.101934 0.985456 0.068145 0.224006 1.78239 1.78244 0.789834 1.80804 0.0451833 0.0451835 0.0526487 0.0475987
86 578 0.134047 1.68137 0.082922 0.3275 1.52778 1.52749 1.55111 1.51062 0.0480598 0.0480606 0.0560581 0.0486995
87 566 0.13233 1.41265 0.08437 0.339713 0.800781 0.801639 2.01578 6.88669 0.0163902 0.0163978 0.0429809 0.451874
88 648 0.150111 1.78584 0.119337 0.3699 1.55572 1.55576 2.56789 1.57274 0.0178242 0.0178122 0.0387306 0.0172454
89 737 0.168477 2.30311 0.154807 0.733319 0.948093 0.948193 1.3476 0.952583 0.0159743 0.0159633 0.0206393 0.0160258
90 607 0.174936 1.49459 0.090163 0.344395 1.70574 1.70569 1.77271 1.60335 0.0346282 0.0346275 0.0511216 0.0368474
91 595 0.11493 1.33614 0.085499 0.405255 1.43043 1.43024 1.44724 1.43071 0.0322796 0.0322791 0.0386488 0.0327362
92 730 0.166223 2.00149 0.095376 0.418463 0.541115 0.540815 0.620178 0.541815 0.0232035 0.023201 0.0253026 0.0235195
93 744 0.169915 2.08565 0.097322 0.487315 0.319375 0.31945 0.70881 0.324514 0.0106542 0.0106465 0.0177187 0.0104856
94 728 0.139097 3.66738 0.130752 0.668108 0.516737 0.516559 0.527142 0.514799 0.0108064 0.0108049 0.0112671 0.0108486
95 733 0.151313 1.98666 0.097745 0.43263 0.655795 0.655628 0.620253 0.644433 0.0087944 0.00878898 0.00837602 0.00858069
96 783 0.150534 2.72728 0.101471 0.462807 0.58971 0.589662 0.593988 0.589378 0.00697433 0.00697247 0.00603996 0.00694676
97 417 0.115286 1.16451 0.116855 0.277304 2.71808 2.71754 1.47104 2.66558 0.0777791 0.0777763 0.0436085 0.0690059
98 467 0.153465 1.6815 0.112159 0.365818 1.09886 1.09881 1.35833 1.03916 0.0277855 0.0277777 0.0247815 0.0224338
99 682 0.164836 2.47275 0.19343 0.476154 0.686056 0.685988 0.724709 0.683773 0.00719338 0.00719669 0.00792967 0.00706124
100 832 0.1637 2.4678 0.11187 0.498456 0.612264 0.612249 0.652169 0.611747 0.00866819 0.00866621 0.0086029 0.00865791
101 607 0.201104 1.74822 0.106231 0.355124 0.76675 0.766711 2.05834 1.20972 0.0235704 0.0235736 0.0529664 0.029473
102 602 0.153576 1.99595 0.090818 0.349188 1.69452 1.69466 1.90496 1.60666 0.030936 0.0309383 0.0368157 0.0366374
103 458 0.126212 0.977458 0.126837 0.275584 0.845916 0.846593 4.70615 nan 0.0500736 0.0500789 0.117079 -nan
104 651 0.150041 1.77923 0.095634 0.633155 1.02035 1.0205 0.990502 1.01609 0.0178056 0.0178029 0.0356219 0.015234
105 648 0.134376 1.88167 0.096424 0.390294 1.70043 1.70008 2.05369 1.72161 0.0347511 0.0347517 0.0467373 0.0356541
106 717 0.143769 2.11574 0.096861 0.769456 1.87104 1.87115 1.85544 1.86378 0.0486358 0.048641 0.0470816 0.048683
107 423 0.100082 1.07478 0.121852 0.206066 2.00611 2.00711 4.9134 1.3947 0.0619662 0.0619795 0.110588 0.186552
108 358 0.09804 0.968329 0.135323 0.176229 89.1831 1.76706 4.05743 nan 1.03972 0.0602319 0.10887 -nan
109 504 0.116071 1.08971 0.089905 0.26028 3.95128 3.95231 3.11808 3.82318 0.0841717 0.0841924 0.0797766 0.0826215
110 646 0.147304 2.03004 0.109849 0.375315 2.46047 2.46153 2.34923 3.21056 0.053509 0.0535232 0.0401559 0.0297532
111 725 0.170852 2.49688 0.10336 0.42547 1.99705 1.99721 1.2859 2.08058 0.0322399 0.0322413 0.0206626 0.0262614
112 776 0.18043 2.33395 0.119 0.446242 0.824843 0.825021 0.981014 0.996734 0.0267109 0.0267148 0.0363479 0.0503047
113 669 0.180929 1.38112 0.132408 0.394733 35.6723 3.52619 2.05859 3.28628 0.755756 0.0648211 0.0677936 0.0733714
114 523 0.121315 1.25 0.156049 0.311601 2.97567 2.97589 3.88079 15.1808 0.0564117 0.0564182 0.0802615 1.91674
115 439 0.120306 1.07378 0.090306 0.270136 2.34384 2.34967 3.32682 2.68478 0.0383176 0.0385594 0.0327012 0.0165398
116 260 0.075571 1.07245 0.143781 0.146805 61.4052 9.85477 14.9239 nan 0.818257 0.159571 0.249345 -nan
117 738 0.187504 2.44189 0.119695 0.497362 1.07157 1.07162 1.95896 2.99459 0.0355793 0.0355691 0.0597535 0.139486
118 531 0.146437 1.26183 0.149922 0.323664 0.224456 0.164381 1.89618 13.876 0.0328556 0.0348967 0.062252 1.57611
119 207 0.060609 0.687218 0.144208 0.119556 10.2904 10.3006 10.4273 9.31285 0.240046 0.240185 0.267391 0.204074
120 526 0.142265 1.26221 0.208082 0.325614 3.16871 3.17008 4.69211 nan 0.0308209 0.0308243 0.14422 -nan
121 324 0.145754 0.79952 0.097907 0.164443 2.14654 2.14664 2.11898 2.05141 0.0685057 0.0685056 0.0498052 0.094625
122 692 0.158078 1.95843 0.095073 0.394729 1.47387 1.4737 0.701124 1.51951 0.022501 0.0225002 0.0225058 0.0216965
123 779 0.178776 2.86936 0.143933 0.483556 0.644547 0.644161 0.873749 1.34484 0.00715561 0.0071552 0.0390915 0.0362821
124 907 0.263298 2.90211 0.162876 0.524594 1.69982 1.69961 2.18415 1.68696 0.04816 0.0481537 0.0565135 0.0478384
125 613 0.166104 1.60673 0.154276 0.360711 3.44481 3.44648 5.00563 nan 0.0731713 0.0731936 0.108222 -nan
126 640 0.147762 1.48688 0.092574 0.368988 2.13257 2.13258 1.453 2.18703 0.0348136 0.0348154 0.01567 0.0336645
127 934 0.211948 2.91796 0.125616 0.645541 0.73805 0.738195 0.933615 0.73793 0.0226487 0.0226419 0.0352538 0.0224131
128 629 0.150934 1.4436 0.094695 0.388746 1.19476 1.19489 0.523701 1.22865 0.0263016 0.0262975 0.0184176 0.0214556
129 672 0.154578 1.57626 0.093574 0.381826 1.97148 1.97087 1.83393 6.48629 0.0263415 0.0263257 0.0211932 0.230502
130 861 0.162474 2.13907 0.107438 0.478302 0.863953 0.863713 0.937121 0.865252 0.0147207 0.0147132 0.02054 0.0147336
131 1078 0.203048 3.08085 0.128156 0.778222 0.825554 0.825398 0.799676 0.825221 0.022571 0.0225676 0.021657 0.0225397
132 977 0.189905 3.09506 0.128384 0.952815 0.799699 0.799631 0.748733 0.795481 0.0248054 0.0248038 0.0236143 0.0246697
133 997 0.192106 2.48363 0.122881 0.555901 0.992558 0.992203 0.654633 1.00357 0.0214938 0.021486 0.0163896 0.0215817
134 712 0.190282 1.75748 0.23384 0.740285 2.20066 2.2014 3.34446 2.01235 0.0415887 0.041605 0.0780935 0.0396822
135 724 0.174106 1.95429 0.103632 0.449543 2.80446 2.80454 2.76218 2.58641 0.0499671 0.0499686 0.0509364 0.0479281
136 853 0.227042 2.67437 0.151187 0.619089 1.36347 1.36468 2.37777 40.3137 0.0332938 0.0332982 0.04634 3.04919
137 866 0.167754 2.17525 0.107816 0.587212 1.14589 1.14579 1.2249 1.13667 0.0213278 0.0213273 0.0234363 0.0209112
138 758 0.203949 2.1947 0.131756 0.601986 2.4376 2.43823 3.44422 2.20705 0.0515652 0.0515803 0.0848246 0.0404211
139 756 0.180374 1.67354 0.104279 0.460078 0.981326 0.980296 2.29219 1.01499 0.0355635 0.0355496 0.0623727 0.0370345
140 974 0.219931 2.91984 0.121784 0.600112 0.2968 0.29734 0.579906 0.306188 0.022173 0.0221715 0.0361592 0.0223067
141 939 0.211512 2.30267 0.177093 0.537184 0.292119 0.292013 0.371518 0.290648 0.0259599 0.0259589 0.0261598 0.0256876
142 931 0.175521 3.36606 0.146793 0.745998 1.47047 1.47052 1.56797 1.46205 0.0288832 0.0288802 0.0317704 0.0287793
143 955 0.263683 3.26636 0.151299 0.824719 1.0638 1.06358 1.27198 1.05008 0.031986 0.0319815 0.0313562 0.0317224
144 897 0.282453 3.11844 0.234782 1.05749 0.621984 0.622272 1.51345 0.585864 0.0407427 0.0407462 0.0464958 0.0388046
145 879 0.223103 2.80275 0.114187 0.625263 0.324453 0.324231 0.448373 0.319769 0.0300247 0.0300206 0.0318165 0.0297723
146 705 0.165771 1.51782 0.096396 0.427333 0.507537 0.507664 1.2834 0.501768 0.0381649 0.038162 0.0336399 0.0380327
147 869 0.197878 2.28974 0.114232 0.494509 1.55591 1.55602 0.468131 1.60237 0.0424486 0.0424482 0.0328196 0.041606
148 800 0.183545 1.91889 0.106839 0.484047 0.710987 0.711543 0.620889 0.781064 0.0349062 0.0349263 0.0137932 0.0339336
149 833 0.160852 1.95301 0.110013 0.49423 0.606264 0.606062 1.42218 0.614852 0.0252483 0.0252529 0.0408249 0.0241888
150 523 0.121837 1.29331 0.084665 0.326035 1.96435 1.96438 2.48412 1.96003 0.0259012 0.0259031 0.0303165 0.0258823
151 449 0.109964 1.29297 0.085419 0.352446 3.335 3.33512 4.52084 3.32502 0.0655858 0.0655847 0.105373 0.0645282
152 751 0.195809 1.8376 0.105632 0.473334 0.994767 0.995042 1.17354 0.967317 0.0131753 0.0131834 0.00961107 0.0123209
153 367 0.104666 1.04202 0.123876 0.238029 3.10759 3.10958 5.1618 45.341 0.0479641 0.0479865 0.162215 4.42654
154 432 0.084957 0.896905 0.067623 0.264152 3.01061 3.01063 3.21555 3.01028 0.0540734 0.054072 0.059804 0.0540578
155 705 0.182915 1.97347 0.115317 0.428708 2.39049 2.39074 2.44793 0.842832 0.0695715 0.0695727 0.0709818 0.0833087
156 606 0.141977 1.33694 0.108335 0.281238 1.97328 1.97331 3.35676 6.88135 0.0550538 0.0550498 0.115148 0.893657
157 705 0.161823 1.54168 0.107658 0.515862 2.72124 2.7214 3.01109 2.61719 0.0507131 0.0507152 0.0731066 0.0496683
158 466 0.130147 1.15384 0.149665 0.248446 21.9667 2.16172 3.71494 2.18547 1.30218 0.0822994 0.135743 0.0590087
159 998 0.594053 3.10426 0.130184 0.570675 0.857818 0.857767 0.418387 0.942702 0.0306951 0.0306998 0.0308446 0.0241703
160 984 0.188727 2.40486 0.117616 0.547449 0.422318 0.422115 0.362492 0.415763 0.0229726 0.022966 0.0225987 0.0220143
161 923 0.174217 2.27595 0.112732 0.57798 0.484625 0.484746 0.846172 0.459943 0.0317699 0.0317645 0.0407782 0.0318483
162 568 0.14052 1.73738 0.129392 0.419593 1.0726 1.07369 0.892526 1.1727 0.0397197 0.0396977 0.0581829 0.0214096
163 604 0.14468 1.33692 0.102423 0.289082 1.76291 1.76261 1.53289 2.00215 0.0338226 0.0338244 0.0707736 0.0271291
164 228 0.066549 0.672352 0.063834 0.132215 1.88239 1.87387 4.60173 1.89335 0.106917 0.106957 0.217708 0.0531735
165 341 0.094626 0.861295 0.062471 0.173017 1.60109 1.60151 3.30999 1.86063 0.0658827 0.0658761 0.0970181 0.058503
166 493 0.115075 1.04806 0.0744 0.236279 0.920596 0.920529 1.47207 0.871268 0.0557657 0.055768 0.0687943 0.0570278
167 226 0.065059 0.662458 0.113121 0.125349 4.67867 4.6788 6.84597 11.6036 0.0607502 0.0607889 0.188487 0.568771
168 316 0.08767 0.796221 0.071323 0.15975 17.0723 0.833465 4.45544 1.22053 0.958084 0.127795 0.143489 0.0750286
169 458 0.124859 0.975828 0.086434 0.21681 1.72828 1.72785 3.19015 1.72141 0.0758405 0.0758397 0.103419 0.0702669
170 203 0.059993 0.610457 0.051817 0.115773 3.3964 3.39851 6.24905 2.97516 0.124964 0.12491 0.207826 0.0682543
171 312 0.087692 1.09862 0.198369 0.272726 7.90662 7.90775 9.89981 8.03131 0.140781 0.140857 0.209255 0.144481
172 131 0.045755 0.552201 0.108655 0.125385 4.22073 4.21855 8.06735 6.14839 0.13168 0.131705 0.237673 0.168618
173 618 0.149951 1.96816 0.125229 0.707318 2.34056 2.34056 3.27415 2.1762 0.0462274 0.0462272 0.0864162 0.0668021
174 454 0.130375 1.67269 0.10981 0.419228 2.71445 2.71413 3.67244 3.01802 0.0573573 0.0573552 0.101415 0.0791029
175 450 0.126179 0.933794 0.088449 0.213578 2.34943 2.35077 2.21652 2.79374 0.114498 0.114535 0.0963257 0.109586
176 256 0.072927 0.651286 0.070626 0.144447 2.04837 2.04856 1.74754 8.06279 0.0779413 0.0779906 0.196749 0.323415
177 376 0.10491 0.899132 0.096717 0.182114 2.97212 2.97382 1.86965 4.1181 0.0376037 0.0375892 0.112009 0.34001
178 182 0.053475 0.504213 0.112277 0.109157 2.98474 2.98583 7.6198 2.39941 0.224038 0.224059 0.335799 0.952686
179 278 0.339279 0.916934 0.085006 0.161837 2.27381 2.2728 4.44662 2.53813 0.0456961 0.0457194 0.140452 0.0176775
180 175 0.054158 0.550475 0.074401 0.106468 1.74355 1.74353 4.9237 4.57476 0.0578317 0.0578319 0.212877 0.53933
181 302 0.084097 0.838235 0.113635 0.154008 23.0248 4.97264 6.24521 nan 1.23803 0.0629107 0.346204 -nan
182 342 0.09408 0.732936 0.091507 0.171044 0.816196 0.816073 4.26622 1.7768 0.0468449 0.0468349 0.207674 0.305243
183 403 0.096082 1.30868 0.116289 0.251 3.15518 3.15474 4.36865 3.04759 0.0528008 0.0527912 0.11079 0.0515973
184 454 0.128788 1.26834 0.135754 0.282884 1.30289 1.30174 2.46119 7.98081 0.0321981 0.032186 0.136963 0.356588
185 511 0.123909 1.19339 0.081593 0.374039 2.59304 2.59344 1.87736 2.61263 0.0360787 0.0360873 0.0344266 0.0365952
186 280 0.084301 0.803856 0.074031 0.255065 1.40877 1.40843 3.01667 1.45894 0.090525 0.0904876 0.131075 0.0376734
187 247 0.074312 0.699886 0.369306 0.17114 3.52071 3.52318 6.05632 3.4331 0.0867521 0.0867732 0.203485 0.0636932
188 280 0.103136 0.957901 0.069715 0.14653 2.78978 2.7896 2.82529 2.83567 0.0753668 0.0753671 0.0880916 0.0653085
189 158 0.047118 0.455494 0.07774 0.098654 3.9851 3.98389 3.79258 4.10997 0.0998558 0.0998807 0.108785 0.0977068
190 155 0.046242 0.505372 0.105801 0.096208 4.39062 4.39192 8.92847 3.88397 0.12939 0.129406 0.203342 0.120188
191 183 0.053213 0.675468 0.123276 0.119086 5.33907 5.34068 7.64031 16.976 0.0770103 0.0769924 0.148681 0.524823
192 134 0.037802 0.365656 0.065222 0.088191 3.62107 3.62227 4.79794 3.68403 0.0766696 0.0766994 0.1106 0.103647
193 189 0.055139 0.51496 0.048778 0.108618 4.94658 4.95019 1.54183 4.88692 0.112148 0.112185 0.0799641 0.0782824
194 226 0.057445 0.796272 0.049652 0.128662 0.988376 0.989891 0.139676 1.2352 0.0434359 0.0434613 0.0337249 0.0487245
195 154 0.046256 0.447005 0.059355 0.096348 6.27482 6.27684 6.11473 6.73565 0.0604085 0.060468 0.0879699 0.0657387
196 173 0.04405 0.42759 0.057139 0.102147 3.71451 3.71448 3.6858 3.57698 0.0249716 0.0249536 0.0167447 0.0251384
197 196 0.057146 0.652363 0.107853 0.112296 3.33543 3.11514 7.12892 9.34799 0.0325833 0.0365428 0.14241 0.410353
198 82 0.027676 0.397231 0.134124 0.06579 20.101 2.9599 5.99905 nan 0.703177 0.0717069 0.230816 -nan
199 93 0.030887 0.428394 0.12868 0.071236 5.77667 5.77277 5.24011 18.0724 0.132027 0.131984 0.181113 0.409792
200 101 0.033025 0.33874 0.056786 0.07373 3.88348 3.88387 3.59851 5.28207 0.10383 0.103864 0.0639078 0.0554401
201 79 0.027747 0.269287 0.038888 0.068446 5.94972 5.94848 3.18639 6.79894 0.0893972 0.0893776 0.0423077 0.0950266
