Frame N BAPnP_Time EPnP_Time EPnPLM_Time SQPnP_Time CPnP_Time BAPnP_R EPnP_R EPnPLM_R SQPnP_R CPnP_R BAPnP_t EPnP_t EPnPLM_t SQPnP_t CPnP_t
1 306 0.101422 0.229528 1.52945 0.08206 0.296723 4.40321 0.845986 4.40511 3.79173 24.5147 0.0660367 0.0416083 0.0660499 0.103728 2.87587
2 328 0.065649 0.134207 0.980745 0.059828 0.263186 1.86797 1.74194 1.86792 1.80629 1.86408 0.0698812 0.0664781 0.0698809 0.0699692 0.0698877
3 336 0.093027 0.134861 1.62317 0.071557 0.300128 2.06525 2.06843 2.06652 4.05592 2.27573 0.0345086 0.0451339 0.0345168 0.0957746 0.1758
4 401 0.095184 0.177228 1.65213 0.071122 0.3383 0.718631 1.59615 0.718924 1.76589 0.722818 0.0204863 0.0250063 0.0205018 0.0460832 0.0202315
5 546 0.105632 0.303933 2.40461 0.080302 0.547196 0.553481 0.921721 0.553922 0.768918 0.490177 0.0162741 0.0206196 0.01627 0.0103697 0.00784319
6 395 0.110474 0.248309 2.11752 0.078602 0.438191 1.33681 0.885289 1.33646 2.01325 1.45836 0.0453618 0.0446466 0.0453736 0.0468973 0.0964525
7 333 0.08492 0.200192 2.06739 0.072634 0.353569 1.34226 1.79207 1.34206 2.1974 1.32642 0.0508975 0.052734 0.0508897 0.054331 0.0501335
8 451 0.112447 0.282396 2.34587 0.076757 0.443036 1.94706 1.96939 1.94729 2.02336 1.94614 0.0690378 0.0691799 0.0690389 0.0690411 0.0690159
9 361 0.101245 0.146456 1.44927 0.067922 0.336796 2.71391 2.59644 2.71571 2.95736 2.65905 0.0480693 0.0576552 0.0480664 0.0582734 0.152491
10 355 0.084735 0.141175 1.06332 0.064493 0.285825 1.53172 1.33877 1.53129 1.84073 1.54555 0.0587037 0.0582036 0.05871 0.0499095 0.0586553
11 492 0.114715 0.25922 1.88824 0.074767 0.553275 1.59002 1.4514 1.59009 1.5981 1.59063 0.0632429 0.0637601 0.063247 0.0634918 0.0631992
12 426 0.119419 0.236447 2.57817 0.131931 0.732499 2.06546 3.18093 2.06662 2.95631 1.49595 0.0517416 0.0618949 0.0517281 0.0671805 0.090652
13 401 0.128437 0.271869 2.47254 0.121297 0.542894 1.29064 1.58808 1.29071 2.3437 1.31508 0.0548926 0.0508311 0.054896 0.0523898 0.053915
14 366 0.118584 0.184098 1.96886 0.072448 0.469514 1.21971 1.10454 1.2203 1.20221 1.21519 0.0530995 0.0523819 0.0530996 0.0510812 0.0528733
15 186 0.09985 0.179446 0.602921 0.074912 0.225255 2.90604 1.95039 2.90504 2.85711 2.92198 0.0512395 0.0572976 0.0512414 0.0718061 0.0391864
16 329 0.081493 0.189645 1.65644 0.101234 0.493282 2.07487 2.40586 2.07566 3.37966 2.1164 0.0584992 0.0652063 0.0584984 0.0857534 0.0545931
17 253 0.056694 0.117901 0.839593 0.136636 0.348102 1.5562 1.12162 1.55512 1.29472 1.51915 0.0426132 0.0447315 0.0426229 0.0398841 0.0403305
18 402 0.114014 0.179784 1.79629 0.075746 0.458254 1.53384 1.07239 1.53392 1.39477 1.51435 0.0302192 0.0264989 0.0302244 0.0362274 0.0292814
19 448 0.978947 0.571967 2.65242 0.140749 0.719248 0.59177 1.56925 0.591936 0.576182 0.395584 0.0236011 0.0643799 0.0236124 0.0303278 0.025967
20 429 0.157831 0.273174 2.06646 0.112087 0.438865 1.45527 0.895355 1.45526 1.06506 1.45349 0.0415741 0.0327828 0.041571 0.0385109 0.0408501
21 422 0.093837 0.237808 1.49487 0.076113 0.378868 1.49458 1.41887 1.4946 1.48238 1.49707 0.0344296 0.0329208 0.0344289 0.0347793 0.0345148
22 379 0.092444 0.150865 1.73055 0.075534 0.345155 1.81504 1.22723 1.81533 1.4838 1.79864 0.0361902 0.0437182 0.0361972 0.0335554 0.0354583
23 457 0.093146 0.260707 2.21778 0.163277 0.604449 1.8854 2.0954 1.88555 2.20628 1.9287 0.0344954 0.0413989 0.0344968 0.0448556 0.0370264
24 467 0.209423 0.494349 2.38629 0.14465 0.732948 2.3362 2.563 2.33628 3.05372 0.486368 0.0406593 0.0636269 0.0406555 0.0595725 0.372133
25 342 0.106636 0.147061 2.31693 0.078081 0.366947 2.43151 2.16531 2.43116 3.03035 2.62792 0.0518848 0.0347412 0.0518828 0.0644045 0.0815335
26 345 0.117112 0.18931 1.70532 0.075272 0.30456 20.8839 1.38522 2.30446 1.66602 1.91711 0.966447 0.0535299 0.0243466 0.00495034 0.03364
27 357 0.08886 0.283198 1.62046 0.121671 0.438714 1.05602 1.27782 1.05623 1.43328 0.823025 0.0291597 0.0216258 0.0291514 0.0101811 0.0365918
28 386 0.323962 0.230709 1.75609 0.136495 0.482489 1.50544 1.51505 1.50553 1.53161 1.46797 0.0257915 0.0261316 0.0257928 0.0213644 0.0232588
29 313 0.070095 0.17053 1.44527 0.070671 0.309457 1.35008 1.33906 1.34995 1.36513 1.33294 0.0400945 0.0349212 0.0400958 0.0353844 0.0386495
30 274 0.09352 0.138899 1.08795 0.095631 0.264488 2.17559 1.5246 2.17572 1.66898 2.17605 0.0524684 0.0483374 0.052482 0.0129293 0.0526994
31 334 0.070388 0.214481 1.26 0.122338 0.40147 1.42781 1.31299 1.42809 1.36383 1.43249 0.0454971 0.0454941 0.0454987 0.0422553 0.0454365
32 221 0.051832 0.111193 0.58681 0.060399 0.222212 1.26721 1.45175 1.26786 1.63724 1.33155 0.0538041 0.0709175 0.0538151 0.0559563 0.0480819
33 218 0.070562 0.129724 0.556539 0.063446 0.339821 2.4542 2.60426 2.45421 2.6107 2.44504 0.0586571 0.064844 0.058657 0.0677059 0.0589257
34 228 0.107984 0.175038 0.836696 0.071468 0.21781 2.05589 2.68409 2.05448 2.46295 2.00083 0.0942076 0.100251 0.0942059 0.103218 0.0956225
35 213 0.060802 0.115046 0.612932 0.085346 0.151766 1.51347 1.93064 1.51379 2.09354 0.499995 0.0451191 0.0825783 0.0451346 0.0612152 0.0887083
36 239 0.310369 0.358692 1.25532 0.10936 0.391028 2.2321 2.55172 2.23183 2.55437 2.30806 0.0479623 0.0517365 0.0479622 0.0522252 0.0525131
37 274 0.101557 0.166488 1.51233 0.085061 0.398945 2.02829 2.05124 2.02789 2.13448 1.99559 0.0572 0.0650496 0.0571882 0.0613741 0.0573356
38 241 0.114732 0.14786 0.862147 0.07143 0.327226 1.77501 1.77356 1.77513 1.82182 1.77378 0.037081 0.0353972 0.0370827 0.0362235 0.0371239
39 221 0.108288 0.215046 0.853742 0.149442 0.356177 2.41925 2.56802 2.4194 2.62635 2.40505 0.0412313 0.0626532 0.0412306 0.0518575 0.0377049
40 225 0.070133 0.145688 0.830314 0.072977 0.316572 2.94208 2.96644 2.94214 2.90401 2.94329 0.070361 0.0699155 0.0703576 0.065884 0.0705811
41 165 0.089074 0.12346 0.753608 0.098941 0.187197 3.67919 3.05209 3.68014 2.53854 3.73178 0.0613746 0.0776263 0.0613722 0.0471015 0.0846795
42 257 0.116197 0.198443 1.05662 0.097221 0.316554 2.04373 2.32537 2.04378 2.2668 2.2009 0.0642972 0.066134 0.0642982 0.0604118 0.0631638
43 139 0.059718 0.110178 0.639637 0.355179 0.243652 7.13786 8.29428 7.13845 8.97944 nan 0.109394 0.21783 0.1094 0.223639 -nan
44 191 0.075765 0.164883 0.781982 0.081545 0.195372 2.69994 3.37918 2.69999 3.02522 2.59409 0.0421242 0.04728 0.0421376 0.0417536 0.0396305
45 383 0.163636 0.260788 50.2547 0.109405 0.60265 2.9959 3.67562 2.99632 3.76362 2.04104 0.0485627 0.102573 0.048566 0.0640766 0.282677
46 210 0.066108 0.15224 0.624825 0.345446 0.192978 5.52588 5.02118 5.52668 6.4683 7.69961 0.10794 0.154591 0.107949 0.123313 1.01462
47 327 0.128439 0.141491 1.24623 0.071212 0.395104 2.20931 2.35147 2.20966 2.3578 2.2018 0.0166887 0.0212095 0.016676 0.025442 0.022113
48 399 0.141173 0.306042 1.41288 0.253561 0.39591 2.0544 1.77462 2.05436 1.77925 2.05147 0.0359572 0.0369886 0.0359513 0.0250086 0.0350444
49 393 0.213222 0.606723 2.15866 0.106143 0.305743 2.71859 3.6689 2.71773 3.14709 2.73792 0.0709748 0.0879086 0.0709588 0.0579934 0.0708454
50 265 0.084223 0.133605 0.833611 0.068821 0.319102 2.18023 2.24203 2.18073 2.2061 2.19536 0.0335477 0.0296478 0.0335366 0.0199853 0.0343735
51 550 0.181708 0.366426 2.1099 0.168408 0.517213 1.14646 1.49501 1.14623 2.03207 1.03617 0.0366139 0.0358943 0.0366141 0.033695 0.0317743
52 501 0.151422 0.300855 1.83092 0.113626 0.506214 1.56437 1.63413 1.56447 1.69634 1.55633 0.0409809 0.0371942 0.0409831 0.0356024 0.04049
53 473 0.288755 0.322115 1.90803 0.165124 0.683782 1.60604 1.52499 1.60604 1.58193 1.61463 0.0432064 0.0393177 0.0432074 0.0419302 0.0433821
54 382 0.133836 0.245611 2.1834 0.151347 0.311677 4.01648 2.84981 4.01617 3.2094 6.81394 0.0949415 0.0710855 0.0949493 0.052952 0.267589
55 398 0.230101 0.345747 2.22372 0.108523 0.320366 1.88864 2.01542 1.88783 2.67261 2.00407 0.0677798 0.0615318 0.0677759 0.0613637 0.0624743
56 459 0.120483 0.257491 1.79317 0.208371 0.68162 2.66798 2.8901 2.66817 2.77882 2.66711 0.0543792 0.0588767 0.0543766 0.0562081 0.0544494
57 352 0.110418 0.195002 1.1944 0.101732 0.265783 2.68717 2.48457 2.68722 2.5579 2.71573 0.0634741 0.0643911 0.0634733 0.0619311 0.0636885
58 333 0.080392 0.13475 1.55667 0.071916 0.290237 2.09776 1.3264 2.09784 2.13405 2.24829 0.0518619 0.0259778 0.0518697 0.0499526 0.0565975
59 372 0.109788 0.172077 1.4534 0.087055 0.266604 1.53118 3.31063 1.52879 4.55807 2.50839 0.0307637 0.065718 0.0307609 0.0707976 0.0402695
60 680 0.133118 0.466556 2.33081 0.09784 0.387293 1.48122 1.48612 1.48099 1.52111 1.64121 0.0158823 0.018227 0.015879 0.0181887 0.0216967
61 509 0.10332 0.196675 1.35561 0.079373 0.31455 1.39069 2.09684 1.3896 1.80947 1.39355 0.0196527 0.0349229 0.0196452 0.0252385 0.0196014
62 608 0.158262 0.205173 1.51508 0.08712 0.357114 1.38087 1.3423 1.3809 0.850323 1.39323 0.0197126 0.0187829 0.0197134 0.0148369 0.0195745
63 660 0.126779 0.247257 1.77586 0.236538 0.572015 0.691234 0.553271 0.691109 0.669145 0.788196 0.018275 0.0224379 0.0182775 0.0186112 0.0179113
64 619 0.123041 0.521373 2.57993 0.130475 0.636144 1.21182 1.25327 1.2118 0.952022 1.21019 0.0228821 0.0255659 0.022884 0.0221014 0.0225919
65 624 0.151465 0.550342 2.77385 0.127067 0.461463 0.926027 1.37381 0.925899 1.05769 0.924866 0.0167182 0.0244679 0.0167185 0.0127252 0.0160648
66 603 0.232858 0.350492 2.18924 0.124885 0.527215 1.39258 1.61063 1.39317 1.17914 1.38403 0.0203111 0.0261208 0.0203209 0.0136719 0.0201491
67 719 0.226576 0.722363 2.68816 0.167536 0.615723 0.277897 0.480036 0.277845 0.388483 0.275532 0.018507 0.0222627 0.0185035 0.0171763 0.0182591
68 697 0.141426 0.36878 2.5255 0.105286 0.50074 0.484774 0.377682 0.484746 0.423604 0.484742 0.0139494 0.0122807 0.0139483 0.0129845 0.0139492
69 781 0.194858 0.394533 2.60652 0.141222 0.577768 1.18208 1.15461 1.18184 1.01884 1.18304 0.0254777 0.0253819 0.0254747 0.0233587 0.0255096
70 757 0.303757 0.388742 2.98824 0.150062 0.720482 1.85994 2.27616 1.85826 1.43627 1.85393 0.0447835 0.0617969 0.0447616 0.0343649 0.035775
71 724 0.175601 0.45362 2.69075 0.142145 0.594198 0.754563 0.783977 0.754524 0.535302 0.747372 0.0189207 0.0209098 0.0189155 0.0153144 0.0182203
72 721 0.212156 0.333995 2.44648 0.12628 0.675131 0.983972 2.10084 0.984281 1.80466 0.981545 0.00534513 0.0303419 0.00533868 0.0213856 0.0077757
73 773 0.160908 0.282083 3.10794 0.161625 0.717766 0.73357 0.817597 0.733625 0.389188 0.732242 0.0257464 0.0277243 0.0257532 0.0107603 0.0261851
74 523 0.163212 0.334955 1.80179 0.219358 0.393956 18.6003 0.890173 2.52728 1.37101 2.77771 0.676404 0.0524852 0.0949642 0.0380836 0.0786978
75 558 0.135449 0.272405 1.4824 0.095204 0.457571 1.81816 2.05198 1.81831 1.87403 1.82747 0.0226796 0.0215648 0.0226727 0.0202106 0.022811
76 545 0.162723 0.277799 1.71395 0.107647 0.517936 2.59129 2.13763 2.59129 1.79044 2.62884 0.0557029 0.0365908 0.0557177 0.0265577 0.0568997
77 350 0.104706 0.154721 0.913017 0.069653 0.208154 2.39957 2.19337 2.39921 2.20998 2.40271 0.0475557 0.0304669 0.0475471 0.0256421 0.0466347
78 436 0.11278 0.171864 1.33245 0.134994 0.354193 1.44543 1.3371 1.44556 1.36684 1.44209 0.0119743 0.0252992 0.01198 0.0191687 0.0111317
79 576 0.122713 0.320146 1.55952 0.085775 0.342541 1.89784 1.9512 1.89803 1.82731 1.90049 0.0231948 0.0265265 0.0231935 0.022618 0.0229369
80 633 0.218712 0.220617 1.56479 0.094849 0.369701 1.16709 0.553331 1.16653 0.891593 1.14781 0.0197081 0.0273617 0.0197069 0.0350393 0.022217
81 719 0.193823 0.236706 2.09118 0.10219 0.415387 17.9923 1.67717 2.52615 1.00441 2.79703 0.963423 0.0416948 0.0554066 0.025415 0.0554349
82 490 0.220074 0.233392 1.49671 0.086904 0.265568 2.26275 1.68585 2.26329 1.34197 2.25696 0.0427149 0.0227187 0.0427392 0.0915617 0.0426649
83 490 0.142863 0.204691 1.31206 0.143491 0.319612 1.13093 3.89319 1.1311 3.17868 3.6318 0.0556927 0.114581 0.0556827 0.108358 0.33724
84 405 0.205528 0.328275 1.70958 0.07491 0.345012 1.70709 0.805494 1.70663 0.616236 1.51618 0.0212271 0.0367558 0.0212271 0.0438002 0.0181772
85 431 0.104358 0.159233 0.920413 0.074827 0.235742 1.78239 1.42173 1.78244 0.789834 1.808 0.0451833 0.0436602 0.0451835 0.0526487 0.0475981
86 578 0.161094 0.295374 1.826 0.088776 0.346548 1.52778 1.97958 1.52749 1.55111 1.51083 0.0480598 0.0570102 0.0480606 0.0560581 0.0486979
87 566 0.133391 0.261696 1.67155 0.091328 0.443029 0.800781 2.77317 0.801639 2.01578 6.86917 0.0163902 0.109581 0.0163978 0.0429809 0.450422
88 648 0.153448 0.218849 1.97707 0.099522 0.385883 1.55572 2.71022 1.55576 2.56789 1.57266 0.0178242 0.0467774 0.0178122 0.0387306 0.0172553
89 737 0.172534 1.03097 3.46223 0.177633 0.835125 0.948093 1.16142 0.948193 1.3476 0.952474 0.0159743 0.0121302 0.0159633 0.0206393 0.0160364
90 607 0.197469 0.273336 1.95913 0.115599 0.436934 1.70574 2.2053 1.70569 1.77271 1.60337 0.0346282 0.0524039 0.0346275 0.0511216 0.0368613
91 595 0.152843 0.283158 1.48217 0.089108 0.360508 1.43043 1.8973 1.43024 1.44724 1.43091 0.0322796 0.0444586 0.0322791 0.0386488 0.0327354
92 730 0.141914 0.240462 1.82346 0.097981 0.413539 0.541115 0.833661 0.540815 0.620178 0.542117 0.0232035 0.0254983 0.023201 0.0253026 0.0235216
93 744 0.249377 0.752154 3.4692 0.205635 0.746323 0.319375 0.433668 0.31945 0.70881 0.324435 0.0106542 0.0132587 0.0106465 0.0177187 0.010494
94 728 0.196126 0.316285 2.56896 0.124554 0.638743 0.516737 0.597767 0.516559 0.527142 0.514981 0.0108064 0.0134332 0.0108049 0.0112671 0.01085
95 733 0.308953 0.2918 2.29559 0.105197 0.44198 0.655795 0.746155 0.655628 0.620253 0.644621 0.0087944 0.0104558 0.00878898 0.00837602 0.00858657
96 783 0.152905 0.253333 2.08985 0.105581 0.601751 0.58971 0.598223 0.589662 0.593988 0.589429 0.00697433 0.00670589 0.00697247 0.00603996 0.00694858
97 417 0.115603 0.166649 1.07712 0.088441 0.242082 2.71808 2.38462 2.71754 1.47104 2.66614 0.0777791 0.0826725 0.0777763 0.0436085 0.0689795
98 467 0.10892 0.165925 1.0209 0.074957 0.225312 1.09886 1.02873 1.09881 1.35833 1.03917 0.0277855 0.0254897 0.0277777 0.0247815 0.0224448
99 682 0.130922 0.256641 1.94077 0.093435 0.381454 0.686056 0.782345 0.685988 0.724709 0.683822 0.00719338 0.0129914 0.00719669 0.00792967 0.00705686
100 832 0.157261 0.282436 2.16412 0.106505 0.466873 0.612264 0.644951 0.612249 0.652169 0.611764 0.00866819 0.00649959 0.00866621 0.0086029 0.00866003
101 607 0.21015 0.24759 2.33474 0.266441 0.70331 0.76675 0.926103 0.766711 2.05834 1.21016 0.0235704 0.0336518 0.0235736 0.0529664 0.0295061
102 602 0.144781 0.210688 1.67497 0.134688 0.60041 1.69452 1.85848 1.69466 1.90496 1.60607 0.030936 0.038184 0.0309383 0.0368157 0.0366765
103 458 0.132746 0.177664 1.55451 0.137939 0.532398 0.845916 1.03953 0.846593 4.70615 nan 0.0500736 0.0501361 0.0500789 0.117079 -nan
104 651 0.156241 0.29911 2.00721 0.1005 0.381342 1.02035 0.889327 1.0205 0.990502 1.01593 0.0178056 0.0160292 0.0178029 0.0356219 0.0152399
105 648 0.241267 0.216196 2.17368 0.104322 0.484118 1.70043 1.78491 1.70008 2.05369 1.72194 0.0347511 0.0355954 0.0347517 0.0467373 0.0356505
106 717 0.14014 0.238352 2.04095 0.099304 0.409653 1.87104 1.52059 1.87115 1.85544 1.86366 0.0486358 0.037252 0.048641 0.0470816 0.0486778
107 423 0.099636 0.155353 0.998977 0.121647 0.206046 2.00611 6.49797 2.00711 4.9134 1.3908 0.0619662 0.16563 0.0619795 0.110588 0.186001
108 358 0.098239 0.137067 1.01005 0.136664 0.177057 89.1831 5.61027 1.76706 4.05743 nan 1.03972 0.159719 0.0602319 0.10887 -nan
109 504 0.116823 0.174156 1.44492 0.092428 0.258796 3.95128 3.04621 3.95231 3.11808 3.82278 0.0841717 0.0741786 0.0841924 0.0797766 0.0826054
110 646 0.148844 0.21152 2.06151 0.114925 0.413391 2.46047 1.15434 2.46153 2.34923 3.20894 0.053509 0.0370111 0.0535232 0.0401559 0.0297186
111 725 0.37549 0.61146 3.25865 0.106771 0.484811 1.99705 1.59143 1.99721 1.2859 2.08064 0.0322399 0.0289646 0.0322413 0.0206626 0.0262677
112 776 0.179013 0.250723 2.34261 0.118318 0.432742 0.824843 1.17628 0.825021 0.981014 0.99726 0.0267109 0.0204154 0.0267148 0.0363479 0.0503907
113 669 0.180147 0.217937 1.37877 0.135318 0.390315 35.6723 3.34916 3.52619 2.05859 3.28561 0.755756 0.0613351 0.0648211 0.0677936 0.0733762
114 523 0.121236 0.181404 1.29095 0.189964 0.317954 2.97567 5.12242 2.97589 3.88079 15.2395 0.0564117 0.101517 0.0564182 0.0802615 1.9232
115 439 0.120144 0.159037 1.16164 0.095671 0.326838 2.34384 5.91206 2.34967 3.32682 2.6869 0.0383176 0.0987622 0.0385594 0.0327012 0.0165947
116 260 0.074635 0.115814 1.19033 0.19496 0.147267 61.4052 10.6385 9.85477 14.9239 nan 0.818257 0.218398 0.159571 0.249345 -nan
117 738 0.175856 0.377096 2.52972 0.126563 0.442601 1.07157 1.68874 1.07162 1.95896 2.99155 0.0355793 0.0458953 0.0355691 0.0597535 0.13934
118 531 0.146968 0.186471 1.26287 0.154147 0.327868 0.224456 1.90809 0.164381 1.89618 13.9267 0.0328556 0.0419799 0.0348967 0.062252 1.58128
119 207 0.060461 0.098572 0.684223 0.145241 0.11832 10.2904 5.56939 10.3006 10.4273 9.3107 0.240046 0.140651 0.240185 0.267391 0.204079
120 526 0.142087 0.182368 1.26614 0.212627 0.389215 3.16871 3.00277 3.17008 4.69211 nan 0.0308209 0.0658732 0.0308243 0.14422 -nan
121 324 0.089723 0.129099 0.793284 0.09905 0.165352 2.14654 1.54939 2.14664 2.11898 2.05201 0.0685057 0.0613397 0.0685056 0.0498052 0.0945888
122 692 0.544249 0.382123 2.24577 0.099864 0.402279 1.47387 1.28624 1.4737 0.701124 1.51983 0.022501 0.0171214 0.0225002 0.0225058 0.0216948
123 779 0.227329 0.257517 2.65482 0.11779 0.461403 0.644547 0.682805 0.644161 0.873749 1.34564 0.00715561 0.00872944 0.0071552 0.0390915 0.0362772
124 907 0.210964 0.316371 2.84476 0.118098 0.516106 1.69982 2.01025 1.69961 2.18415 1.68716 0.04816 0.0525858 0.0481537 0.0565135 0.0478443
125 613 0.16654 0.204151 1.60687 0.23091 0.510513 3.44481 8.21261 3.44648 5.00563 nan 0.0731713 0.239121 0.0731936 0.108222 -nan
126 640 0.149793 0.216431 1.56728 0.095583 0.377475 2.13257 2.25081 2.13258 1.453 2.18686 0.0348136 0.0368215 0.0348154 0.01567 0.0336665
127 934 0.212883 0.324709 3.03747 0.257179 0.768881 0.73805 0.733562 0.738195 0.933615 0.737777 0.0226487 0.0237508 0.0226419 0.0352538 0.02242
128 629 0.155008 0.217164 1.3508 0.100366 0.391968 1.19476 0.843809 1.19489 0.523701 1.22847 0.0263016 0.0204168 0.0262975 0.0184176 0.0214741
129 672 0.156757 0.223256 1.87842 0.100196 0.552999 1.97148 1.99039 1.97087 1.83393 6.49415 0.0263415 0.0229234 0.0263257 0.0211932 0.231008
130 861 0.177312 0.38645 2.30816 0.112176 0.487503 0.863953 0.915525 0.863713 0.937121 0.8655 0.0147207 0.0152456 0.0147132 0.02054 0.0147417
131 1078 0.202599 0.378664 2.98578 0.176886 0.618081 0.825554 0.791457 0.825398 0.799676 0.825383 0.022571 0.021351 0.0225676 0.021657 0.0225432
132 977 0.195612 0.324652 2.43942 0.120992 0.709589 0.799699 0.77826 0.799631 0.748733 0.795549 0.0248054 0.0245546 0.0248038 0.0236143 0.0246713
133 997 0.190105 0.402229 2.5904 0.124901 0.555617 0.992558 0.93191 0.992203 0.654633 1.00395 0.0214938 0.0202922 0.021486 0.0163896 0.0215894
134 712 0.190704 0.229396 1.65097 0.114766 0.424561 2.20066 1.09627 2.2014 3.34446 2.01195 0.0415887 0.0302973 0.041605 0.0780935 0.0396655
135 724 0.165349 0.252571 1.56036 0.105023 0.438687 2.80446 3.2459 2.80454 2.76218 2.58592 0.0499671 0.0736113 0.0499686 0.0509364 0.047924
136 853 0.23152 0.313436 2.23296 0.144141 0.513032 1.36347 1.59287 1.36468 2.37777 40.2377 0.0332938 0.0296632 0.0332982 0.04634 3.04272
137 866 0.164174 0.313091 2.92939 0.112111 0.559011 1.14589 1.10401 1.14579 1.2249 1.13675 0.0213278 0.0192058 0.0213273 0.0234363 0.0209114
138 758 0.298505 0.325593 2.12682 0.121081 0.459666 2.4376 1.25721 2.43823 3.44422 2.20689 0.0515652 0.0591415 0.0515803 0.0848246 0.0404098
139 756 0.17179 0.269525 1.82374 0.105554 0.457548 0.981326 2.10013 0.980296 2.29219 1.01593 0.0355635 0.047851 0.0355496 0.0623727 0.0370476
140 974 0.221607 0.349355 2.89857 0.220831 0.552178 0.2968 0.592106 0.29734 0.579906 0.305608 0.022173 0.0412763 0.0221715 0.0361592 0.0223097
141 939 0.180064 0.298664 2.31387 0.11632 0.534198 0.292119 0.278039 0.292013 0.371518 0.290749 0.0259599 0.0274279 0.0259589 0.0261598 0.0256887
142 931 0.179427 0.298753 2.32557 0.118015 0.525221 1.47047 1.36658 1.47052 1.56797 1.46198 0.0288832 0.0305417 0.0288802 0.0317704 0.0287829
143 955 0.181472 0.298723 2.34773 0.120117 0.533916 1.0638 0.973987 1.06358 1.27198 1.05032 0.031986 0.0305006 0.0319815 0.0313562 0.0317274
144 897 0.204314 0.283472 2.52008 0.12225 0.519657 0.621984 0.671669 0.622272 1.51345 0.585558 0.0407427 0.0375583 0.0407462 0.0464958 0.038799
145 879 0.168323 0.311287 2.21714 0.110877 0.614698 0.324453 0.447045 0.324231 0.448373 0.319992 0.0300247 0.0340235 0.0300206 0.0318165 0.0297764
146 705 0.162187 0.245173 1.85249 0.199816 0.969959 0.507537 0.573399 0.507664 1.2834 0.501631 0.0381649 0.0309289 0.038162 0.0336399 0.0380347
147 869 0.214495 0.446199 2.63447 0.118267 0.508609 1.55591 1.32393 1.55602 0.468131 1.60228 0.0424486 0.0391865 0.0424482 0.0328196 0.0416062
148 800 0.277723 0.293393 1.63754 0.106583 0.475965 0.710987 0.713099 0.711543 0.620889 0.780444 0.0349062 0.0326843 0.0349263 0.0137932 0.0339149
149 833 0.166606 0.317106 1.77568 0.114211 0.506584 0.606264 0.742355 0.606062 1.42218 0.61503 0.0252483 0.0383895 0.0252529 0.0408249 0.0241856
150 523 0.122351 0.180988 1.10686 0.078687 0.249504 1.96435 2.1086 1.96438 2.48412 1.96001 0.0259012 0.0297879 0.0259031 0.0303165 0.0258805
151 449 0.105674 0.173238 1.0022 0.076652 0.220857 3.335 3.03962 3.33512 4.52084 3.32487 0.0655858 0.057199 0.0655847 0.105373 0.0645293
152 751 0.142539 0.243248 1.58613 0.127519 0.511608 0.994767 0.958896 0.995042 1.17354 0.967044 0.0131753 0.0175715 0.0131834 0.00961107 0.0123144
153 367 0.10368 0.146805 2.38756 0.319853 0.359805 3.10759 5.63545 3.10958 5.1618 45.1061 0.0479641 0.148562 0.0479865 0.162215 4.40079
154 432 0.181652 0.297842 1.56008 0.07554 0.329689 3.01061 3.16835 3.01063 3.21555 3.01026 0.0540734 0.0605662 0.054072 0.059804 0.054059
155 705 0.201259 0.285741 2.1723 0.133331 0.607468 2.39049 1.29835 2.39074 2.44793 0.84271 0.0695715 0.081882 0.0695727 0.0709818 0.0833365
156 606 0.193826 0.244102 1.73089 0.118711 0.36545 1.97328 1.59767 1.97331 3.35676 6.8801 0.0550538 0.0749014 0.0550498 0.115148 0.893514
157 705 0.227807 0.318983 1.78903 0.112907 0.441015 2.72124 2.06004 2.7214 3.01109 2.61755 0.0507131 0.0468892 0.0507152 0.0731066 0.049665
158 466 0.128612 0.170776 1.03334 0.099465 0.228288 21.9667 1.67 2.16172 3.71494 2.18527 1.30218 0.0669336 0.0822994 0.135743 0.0590063
159 998 0.245378 0.366103 2.95726 0.129122 0.549416 0.857818 0.628399 0.857767 0.418387 0.942633 0.0306951 0.0468162 0.0306998 0.0308446 0.0241623
160 984 0.229643 0.392878 2.6272 0.123526 0.623938 0.422318 0.419589 0.422115 0.362492 0.415954 0.0229726 0.0209179 0.022966 0.0225987 0.022018
161 923 0.180929 0.557326 2.95664 0.11915 0.5336 0.484625 0.480045 0.484746 0.846172 0.459776 0.0317699 0.0297666 0.0317645 0.0407782 0.0318537
162 568 0.133591 0.196274 1.1667 0.085717 0.34265 1.0726 0.841826 1.07369 0.892526 1.17165 0.0397197 0.0470624 0.0396977 0.0581829 0.0214342
163 604 0.211632 0.221497 1.34815 0.102922 0.28621 1.76291 2.16317 1.76261 1.53289 2.00339 0.0338226 0.0290254 0.0338244 0.0707736 0.027109
164 228 0.066165 0.108335 0.67616 0.06512 0.13354 1.88239 2.48803 1.87387 4.60173 1.8932 0.106917 0.0325261 0.106957 0.217708 0.0532755
165 341 0.095096 0.13531 0.850851 0.063163 0.17446 1.60109 1.85111 1.60151 3.30999 1.85986 0.0658827 0.0496605 0.0658761 0.0970181 0.0585015
166 493 0.114701 0.173853 1.06042 0.075682 0.236359 0.920596 1.38407 0.920529 1.47207 0.871206 0.0557657 0.0473949 0.055768 0.0687943 0.0570367
167 226 0.064533 0.103884 0.662482 0.115757 0.12725 4.67867 5.05991 4.6788 6.84597 11.5998 0.0607502 0.118049 0.0607889 0.188487 0.567088
168 316 0.091525 0.135171 1.03325 0.111043 0.313549 17.0723 1.88835 0.833465 4.45544 1.21981 0.958084 0.0855825 0.127795 0.143489 0.0749691
169 458 0.189336 0.247721 1.34889 0.123922 0.328276 1.72828 1.95958 1.72785 3.19015 1.7216 0.0758405 0.0672882 0.0758397 0.103419 0.0702895
170 203 0.080179 0.13639 0.875557 0.074885 0.172274 3.3964 4.1371 3.39851 6.24905 2.9738 0.124964 0.0856576 0.12491 0.207826 0.0682551
171 312 0.094296 0.132132 0.867675 0.076654 0.162457 7.90662 6.37245 7.90775 9.89981 8.03186 0.140781 0.275152 0.140857 0.209255 0.144484
172 131 0.041206 0.08117 0.40075 0.078766 0.088263 4.22073 1.96659 4.21855 8.06735 6.14797 0.13168 0.198506 0.131705 0.237673 0.168761
173 618 0.142626 0.205679 1.30246 0.092152 0.371264 2.34056 2.67674 2.34056 3.27415 2.1761 0.0462274 0.0561299 0.0462272 0.0864162 0.06688
174 454 0.124097 0.163041 0.917932 0.07574 0.228805 2.71445 2.50845 2.71413 3.67244 3.01885 0.0573573 0.0527059 0.0573552 0.101415 0.0791715
175 450 0.122644 0.161132 0.921365 0.088828 0.214488 2.34943 1.20011 2.35077 2.21652 2.79217 0.114498 0.152934 0.114535 0.0963257 0.10954
176 256 0.098003 0.134286 0.685112 0.101454 0.261441 2.04837 3.59728 2.04856 1.74754 8.05871 0.0779413 0.192228 0.0779906 0.196749 0.32344
177 376 0.104859 0.144725 1.03336 0.107623 0.293585 2.97212 3.58784 2.97382 1.86965 4.11706 0.0376037 0.158636 0.0375892 0.112009 0.339951
178 182 0.09957 0.148953 0.610758 0.114639 0.117033 2.98474 4.8533 2.98583 7.6198 3.11514 0.224038 0.229445 0.224059 0.335799 0.951459
179 278 0.078771 0.11921 0.662847 0.080043 0.189394 2.27381 2.40877 2.2728 4.44662 2.53964 0.0456961 0.0688142 0.0457194 0.140452 0.0176293
180 175 0.052526 0.090869 0.545527 0.075677 0.103121 1.74355 2.38516 1.74353 4.9237 4.57132 0.0578317 0.0839859 0.0578319 0.212877 0.538972
181 302 0.083443 0.125476 0.837147 0.115724 0.155622 23.0248 8.02681 4.97264 6.24521 nan 1.23803 0.318849 0.0629107 0.346204 -nan
182 342 0.093652 0.133772 0.729026 0.113512 0.284155 0.816196 1.37437 0.816073 4.26622 1.77652 0.0468449 0.0149045 0.0468349 0.207674 0.305693
183 403 0.094762 0.149793 0.839776 0.080828 0.195596 3.15518 2.70469 3.15474 4.36865 3.04694 0.0528008 0.0663388 0.0527912 0.11079 0.0516076
184 454 0.122927 0.162748 1.05896 0.107128 0.228343 1.30289 2.70221 1.30174 2.46119 7.97537 0.0321981 0.136913 0.032186 0.136963 0.356068
185 511 0.118655 0.178844 1.07932 0.176494 0.563855 2.59304 2.61958 2.59344 1.87736 2.61231 0.0360787 0.0410698 0.0360873 0.0344266 0.0365884
186 280 0.131655 0.123245 0.717668 0.074389 0.14968 1.40877 1.88673 1.40843 3.01667 1.45869 0.090525 0.0472472 0.0904876 0.131075 0.0378097
187 247 0.072493 0.155976 1.07359 0.144044 0.181797 3.52071 3.22965 3.52318 6.05632 3.43172 0.0867521 0.123345 0.0867732 0.203485 0.063689
188 280 0.08218 0.25164 1.10478 0.123179 0.208442 2.78978 2.19127 2.7896 2.82529 2.8359 0.0753668 0.0726374 0.0753671 0.0880916 0.0653202
189 158 0.04978 0.090704 0.459121 0.078389 0.098051 3.9851 3.75112 3.98389 3.79258 4.11157 0.0998558 0.0930425 0.0998807 0.108785 0.0976775
190 155 0.045723 0.085217 0.495886 0.106935 0.094645 4.39062 5.6101 4.39192 8.92847 3.88628 0.12939 0.164371 0.129406 0.203342 0.11996
191 183 0.053526 0.092141 0.504557 0.113803 0.105846 5.33907 6.38339 5.34068 7.64031 16.8289 0.0770103 0.0887874 0.0769924 0.148681 0.524184
192 134 0.035062 0.080172 0.358574 0.06542 0.086988 3.62107 3.07696 3.62227 4.79794 3.68098 0.0766696 0.0599583 0.0766994 0.1106 0.103807
193 189 0.054932 0.094719 0.514065 0.049839 0.110746 4.94658 2.53857 4.95019 1.54183 4.88342 0.112148 0.0884155 0.112185 0.0799641 0.0782849
194 226 0.055568 0.103342 0.52101 0.049444 0.123862 0.988376 0.272838 0.989891 0.139676 1.23275 0.0434359 0.0316194 0.0434613 0.0337249 0.0486865
195 154 0.047041 0.092867 0.457798 0.060692 0.0972 6.27482 5.93067 6.27684 6.11473 6.73747 0.0604085 0.0734018 0.060468 0.0879699 0.0657753
196 173 0.044177 0.090295 0.42885 0.058318 0.103499 3.71451 3.56379 3.71448 3.6858 3.57621 0.0249716 0.0239382 0.0249536 0.0167447 0.0251438
197 196 0.057221 0.096578 0.652114 0.108906 0.112006 3.33543 3.16018 3.11514 7.12892 9.39088 0.0325833 0.111536 0.0365428 0.14241 0.41247
198 82 0.027246 0.065622 0.395937 0.135389 0.065717 20.101 9.40185 2.9599 5.99905 nan 0.703177 0.293672 0.0717069 0.230816 -nan
199 93 0.031071 0.070157 0.432286 0.130651 0.074159 5.77667 6.96971 5.77277 5.24011 18.0974 0.132027 0.149211 0.131984 0.181113 0.410865
200 101 0.032668 0.104226 0.374762 0.058782 0.106685 3.88348 5.11473 3.88387 3.59851 5.28688 0.10383 0.105483 0.103864 0.0639078 0.0556758
201 79 0.027079 0.066376 0.26114 0.105869 0.111037 5.94972 5.52833 5.94848 3.18639 6.79654 0.0893972 0.0807773 0.0893776 0.0423077 0.0947649
